4080
2614
5414
1039
8294
3458
4341
7781
8485
5250
107
4747
2439
1414
534
3989
3012
1862
7631
585
2094
8600
7403
3058
2513
1703
8553
4180
491
4418
5903
218
7899
3465
2826
4696
1971
852
2481
3133
8345
6945
7435
3039
3819
6126
6220
6021
5090
7632
397
1317
4965
121
6129
401
111
6282
1566
6498
3916
6057
4527
2453
6418
3806
6611
1557
6760
5312
573
8596
7559
1916
5882
6356
2441
1407
535
8536
3316
6796
3045
7794
1434
3707
8344
1221
4229
5040
2699
8651
1454
5944
7893
473
6329
1820
6883
881
51
5847
7373
6062
6128
469
7857
6151
6239
3534
7308
247
70
1731
6871
865
761
6373
8048
3782
4504
5187
5885
5698
425
188
6044
2586
228
8225
1995
693
1041
7599
3397
2794
2312
5723
4525
7228
801
1487
7337
2006
5879
3842
7797
1128
6260
4291
3887
2458
58
3044
5165
3428
2943
4844
3317
4667
8317
96
5546
960
326
3872
1632
877
4104
3479
156
4907
2683
2446
8310
831
8375
611
5458
2375
2778
1720
8559
6280
6060
7124
1188
6560
4828
4246
447
7514
3761
4030
5133
592
3497
5832
7765
3035
8167
5491
8574
8377
847
5006
6998
624
6939
633
4047
1807
8049
3060
8430
756
3149
7698
7478
3601
3392
6896
6336
4872
5537
3121
7442
6810
3296
3885
6504
549
4159
764
5513
8302
7089
8321
3524
7855
1372
6004
333
1259
5896
3862
5928
1024
3411
752
4317
6827
3148
3805
4054
351
1511
3202
5112
4486
5706
6377
701
2057
4436
5634
5430
3964
561
2718
5485
3921
4694
8614
5471
2932
7812
6581
8220
2246
5663
1047
2874
3405
2142
414
3050
7828
6026
7624
6538
3689
5514
4919
5039
8666
4035
4046
1583
1412
2225
5307
2114
2389
5425
4002
7319
1507
6390
3870
1952
7640
1321
842
1146
2647
7412
463
7974
7592
8193
4302
3455
378
6157
1335
1223
2138
4176
8074
3948
1811
6266
2882
1894
4983
8636
5643
3543
6874
1189
3016
4075
3025
3955
7848
2249
8404
7571
1030
2957
6227
7534
1755
4420
231
5714
7716
4273
7374
7708
1515
216
7032
7432
4958
893
2510
1850
6017
4794
324
1215
5167
7782
1129
7905
7064
5938
208
6522
798
734
8489
1174
2407
4032
7778
5978
2517
5910
2884
198
4271
1097
548
2585
6291
5007
2492
4995
5171
6879
8057
6146
8312
616
7647
937
622
6258
8224
2968
3977
3481
6729
5235
4514
7917
7073
8403
4692
2344
478
1352
2484
6114
6550
2498
6401
1033
6652
3541
2922
2706
2521
4192
6296
3399
1425
3934
1871
4633
8396
5019
527
7391
4505
2816
4041
7754
4705
3182
3570
7433
4442
4606
6486
6092
6568
7161
7033
5141
6210
1554
7591
4535
7480
4507
2260
1677
7386
4028
7672
2388
296
7092
57
5428
3882
6492
5638
3590
2605
5740
7178
2644
5462
648
1370
5228
7863
8593
681
434
8021
4078
1489
812
1882
5426
6838
1940
4463
4477
7381
1181
1375
7220
2842
626
6812
1669
2112
2991
2252
4908
84
3132
4587
8389
418
6040
3558
293
8190
1506
7719
5893
1634
8620
2820
1563
8555
6569
1979
1883
438
5018
2807
5869
7145
2684
2337
373
4237
4215
7316
6464
6106
1784
4942
3066
2996
6673
2354
4685
6208
3265
7324
3708
4190
4755
5020
1541
2357
322
2031
3774
5190
7040
6008
5904
2184
110
4672
5064
1079
2226
8598
7658
7867
3288
1164
3529
1450
7799
6051
4591
5168
4518
6054
6073
4553
7593
3464
5211
3984
6143
1514
2313
7684
1451
2020
5157
4296
8040
6675
838
8601
2941
6628
5594
6169
6872
450
4147
1714
2885
4409
339
3055
6175
6857
1419
34
6795
8351
4313
1410
5774
2170
3768
889
8087
2664
5488
2244
3027
8196
7795
432
7135
6304
3477
2833
6830
2589
1886
2770
1786
7103
6370
2181
3437
3312
2069
3891
4127
880
6980
3153
6403
6682
3125
3214
6920
1706
1158
2306
6688
7149
6289
6693
6571
4475
6074
2516
4247
3790
1782
6009
3123
3091
904
8382
7437
6855
4235
2080
1565
4489
7289
3065
3322
5993
1113
7744
6787
4594
4903
8256
5257
254
4554
5253
2865
5304
8192
3589
5382
7707
7153
303
4680
5314
8148
2754
1436
2999
6897
376
1869
3457
7388
7524
1658
755
4151
4055
7728
290
5771
2982
2118
4622
6389
501
4953
4224
3400
1539
8005
1211
7029
672
7906
4817
2554
6029
7210
8632
1464
7602
7502
1192
2602
2264
421
505
6064
1582
506
2405
7448
7110
621
2126
5905
3282
2534
3305
347
8037
8207
3382
7960
7025
8372
312
5842
746
6407
2476
2024
7453
2992
6310
7317
5394
3991
7491
259
7226
7712
380
5407
5528
1912
7963
599
45
1444
1652
8241
1893
8177
2406
4994
8470
3161
1966
2580
7787
7886
6952
1600
5595
5999
5612
2776
4730
2913
426
410
7609
3159
7924
3966
3710
4067
7748
210
2487
5716
7876
5434
3844
1049
6494
8103
3779
6340
1972
3128
2099
1499
1109
8270
7456
652
4029
7727
1795
1702
7695
7370
3656
1498
6743
8358
2178
3715
7247
4609
4607
705
1872
6711
3295
3728
7051
8432
4347
5555
5011
6339
565
7832
3383
4684
640
6050
2879
7898
5639
1964
8214
3660
325
8293
2338
2948
5694
3043
2237
6033
6071
4985
8380
7779
4557
864
4397
7703
2673
7097
8032
371
4166
4294
4140
2542
7185
4421
6451
5111
8484
5159
1360
911
7583
3080
6093
3071
6478
964
1423
122
479
662
3773
4990
8578
7204
8189
439
1379
4506
1443
4992
3950
1477
7670
1173
5162
3997
6639
3139
4776
4961
2669
279
3355
7038
4584
2571
5269
1101
568
1694
2751
5095
3946
7148
2755
577
59
787
3703
6049
2771
5824
4905
2897
6037
3433
5939
6406
3235
335
8550
4309
3047
7718
184
6924
7076
420
2350
553
1397
8139
3092
4808
1760
3034
297
443
777
1119
3438
7071
1921
655
2229
2537
2847
8284
2540
6755
4836
2457
2578
8194
3783
7290
6120
3001
558
7659
1371
3646
907
4471
1433
7250
5027
3404
6794
6521
926
5180
2470
15
143
6822
2363
4900
6499
1161
4024
7617
6107
2987
4423
2795
1362
3094
1212
1876
2812
3101
4387
7235
4608
6749
1170
579
2182
7318
2859
7479
1833
6255
3625
1859
5861
3131
2685
4781
3248
5374
387
5828
1032
5880
2488
7842
2629
3410
3059
3268
931
3365
691
3881
1891
2268
4999
4560
4925
7234
3194
7691
44
4230
4936
8026
1187
5664
3892
5454
1683
6804
3847
6455
63
617
6946
5920
227
5804
6435
6520
8292
5679
969
1805
2447
6351
2887
4842
6516
6020
2851
3469
4868
1860
6394
5846
7016
3653
252
5184
5914
1789
6274
2059
5937
3064
5440
1902
2750
2119
6727
4184
4466
2689
8528
4503
5198
75
2345
2351
3918
430
7596
5331
3352
5059
8091
7090
3682
6091
6204
5422
7710
240
783
1354
5668
977
809
2168
6240
4304
1599
3078
6867
6384
5707
1620
5909
1482
2146
1801
2095
4556
1357
6027
3443
3434
6721
3145
4248
3353
5813
5335
494
6217
7928
2328
29
8203
4013
8499
1092
124
7191
6658
7134
5581
2298
5808
1553
7689
598
2123
1416
4414
5323
4712
6654
8070
7321
2197
5494
5144
725
4897
6674
808
5610
7934
958
5465
4355
810
834
3520
2423
4823
8609
1235
1225
7490
5992
4404
4899
3567
5584
3755
3459
2966
4977
8669
1657
7752
8644
452
8360
5325
3017
2619
422
4538
1220
2929
6466
4375
2845
8353
1001
102
2418
5599
5700
5404
1580
4546
2206
170
6741
135
757
5146
1310
8184
2284
5003
2905
6251
4502
8342
1935
3146
8151
7451
807
2045
5557
462
2927
1956
2445
6301
4392
799
2402
4303
1073
4129
144
6144
1340
6982
4056
2091
8475
6248
3834
5102
7762
6724
6145
8569
1003
4058
5441
6692
4099
555
3574
3903
7663
1485
6517
1272
4582
1411
8027
753
1471
7945
7120
8092
5405
3076
5266
6000
4427
3626
981
7720
6747
2722
8031
1268
2462
7520
268
654
7470
3668
4204
5593
2821
4077
589
495
3994
8379
5199
7793
8670
7156
528
1808
8029
7831
7244
2028
5121
677
6605
7333
4209
5783
5328
5520
8612
2432
7682
4595
551
4682
3692
3936
1611
6877
4855
7726
3297
7968
7441
8018
8205
4515
7981
605
4053
6084
3879
1468
6719
1982
5492
890
4561
5617
843
2155
8388
8476
2077
6661
5515
5933
4370
2799
7811
584
7677
7213
5067
3608
4220
7053
5830
6962
4659
3185
3784
8504
2550
6427
344
3795
5283
7519
8385
871
4157
7052
5234
3580
90
4480
7620
6765
7080
5576
5916
2117
2937
4834
6926
2836
3096
5224
3898
947
2925
6861
4103
4838
883
5282
6752
5288
7521
1456
8283
6732
6098
8473
6631
6533
6398
2415
4407
7999
4405
8034
6133
6489
2899
7036
2398
2209
1710
104
5361
1186
4511
3184
8492
6558
7847
8576
151
8258
915
1305
5270
3049
6845
5930
8250
8488
5368
6890
6022
2796
2701
1398
2519
183
8505
366
4128
3905
5953
2417
471
967
7446
7664
2656
6309
209
1961
896
6912
6256
5579
1773
4967
2299
1209
4883
5200
8650
1270
1251
3176
4450
7274
1292
7230
4825
6836
292
5701
4461
1051
3548
5968
6690
272
2042
7436
4918
3733
3859
1086
7926
7262
4773
6599
2903
5013
6535
3933
5214
5800
7618
6338
7740
6014
4640
613
4292
7344
4381
6179
5337
1748
732
6974
4101
6782
5702
2910
2662
4074
4368
3113
3303
2154
1344
8524
7424
6849
4723
5480
952
7207
3021
3945
1504
8157
1806
3978
1121
5152
8249
5489
7785
4508
4034
5444
5934
4581
416
2973
5397
2431
4902
564
2526
7233
3251
1224
142
4522
1490
7069
7498
7925
7183
7067
2653
2004
1194
8252
4102
4513
1756
497
3467
8466
870
3357
912
721
5402
8625
6637
8328
4945
1496
3909
1520
5758
5831
2746
5653
314
8654
8415
3350
108
1754
6400
1351
3129
6708
5151
5058
480
4267
1973
336
2764
5737
6423
8170
4239
524
8604
5324
5603
2809
724
765
7411
4539
5274
6253
307
1278
348
4454
7541
6244
6333
8231
1791
4750
7694
6324
6426
2053
4057
8387
71
8153
2759
4655
7776
4687
7749
4714
6087
2805
1260
1666
3837
6576
6536
7864
2167
1445
3771
2533
8503
1695
2892
1095
6862
6676
3203
7171
1630
5590
1881
4906
6123
1612
978
1413
7438
4194
848
8435
5360
4394
2877
2271
2392
7189
1830
5722
7523
5128
47
5227
5708
1350
8347
3985
4478
4641
446
2248
1743
844
4709
7211
3289
3686
4031
2440
3103
6763
678
7407
7838
8088
1294
7462
4829
5164
971
3442
6529
6562
1112
7907
776
8424
2231
2228
2153
6207
5558
3969
8222
4149
6434
6886
1366
1469
1851
3183
1963
4816
3777
5669
3199
5272
1289
485
2239
5220
3261
4019
5362
5858
6992
8431
30
6063
3542
5309
1879
6613
3813
7895
4241
3651
7063
6113
8590
6243
1036
636
5839
4050
5803
3939
1083
2615
861
5601
903
191
109
8495
5614
1942
4832
7643
4715
6695
1831
7840
7834
5627
782
563
8401
5711
2775
3429
4348
5926
8200
1825
2617
6290
1094
7284
3169
4634
4228
5553
4196
5138
4803
4374
7305
5185
1654
7454
8280
2323
2413
6983
2654
8285
4076
4051
2678
4645
5648
5940
5062
5712
4262
178
5613
4098
1534
8398
7150
3286
1204
2202
4586
8513
7028
3944
6547
975
4366
1770
829
941
4100
2486
627
3889
6419
925
3033
295
1052
7348
2707
3221
8481
8160
8447
6786
3509
4210
2789
944
7243
8522
6913
12
1117
6643
3255
8434
2690
2213
3915
4043
5103
1319
779
8570
8271
3130
5436
8079
433
3475
3505
653
2477
92
6691
7118
5501
7990
3949
8554
5385
7133
2886
3135
7347
6911
6646
7093
5682
7168
2904
3582
570
1448
6885
4689
5099
5123
8423
2518
7492
1745
2741
1590
3226
8448
2236
287
1738
5729
8041
3749
3539
4264
5662
5446
1923
6880
2827
1684
8472
5948
1338
3262
4801
2742
993
7469
650
5100
2902
2258
6003
5285
6281
2986
5540
2121
7054
7499
7039
8467
1564
6961
5955
2584
4081
2185
3196
708
1231
5753
8438
3973
1258
2254
8239
1951
8161
991
3504
113
7722
2509
8097
6681
6358
3827
2548
5987
507
4997
4671
949
8337
8111
3770
6789
4851
2850
5339
4862
2300
3971
6487
350
5398
2906
4956
6270
2505
2620
5816
1114
2846
6443
298
1675
3347
7225
2735
4240
8394
6950
7430
8588
7363
6858
1937
229
76
103
6337
3838
3815
5245
1722
5876
2103
7160
4354
5410
5574
1837
8061
7911
6319
1614
3746
607
8007
6622
1093
4343
2622
5333
7378
8591
5395
160
203
2387
4417
5717
837
2934
5484
6165
2435
1230
6925
6864
7540
1609
3861
8367
4295
7572
3852
3693
8416
5378
4886
2732
7957
1152
7000
7368
6321
4700
6759
6252
3877
6956
4510
1392
5065
6618
657
790
4870
5552
7508
6412
2561
3801
2640
1359
7839
8479
2347
6193
5550
2781
4245
8081
6927
3308
7528
7954
7377
615
6523
2575
6969
2314
3340
5281
1705
6923
2985
4447
7768
1780
8641
5259
803
857
3647
5206
8076
990
6140
5587
7822
3513
4112
6758
219
8515
1288
3163
582
2618
3612
43
8064
1234
6431
7914
3792
3571
6606
1503
8630
8526
5120
3439
1892
5559
7969
3272
5221
7527
3480
1071
718
4704
2364
1505
3195
670
7637
2952
5871
7281
5296
897
4639
6386
8093
7329
2666
3550
3193
2890
6483
7630
1530
4701
7613
6900
7267
39
4379
4467
6497
6954
1874
2370
6271
1769
6630
220
1983
531
6542
7798
4635
2881
81
684
7413
7465
2163
731
3406
2339
6634
2232
6865
4377
2565
5786
8514
6048
6302
4923
4482
7393
2705
1255
2104
5710
5026
5265
5022
898
4710
428
5137
6315
6716
7128
3484
8223
1222
3816
4162
7900
6552
7803
5041
6889
1621
8132
3164
4738
8324
7268
1096
4786
8212
2463
5364
1788
8359
4649
4660
192
820
4288
5286
2687
7011
8422
2607
5583
238
4015
2977
7315
945
4819
6792
6700
7100
3552
7505
3360
4483
2410
6551
3982
146
5562
2294
6710
3611
1736
5736
114
7205
7306
498
720
3089
5474
6162
596
7585
4575
1647
5196
2700
5556
1700
7336
5516
4446
2942
5521
86
2308
2677
6159
6458
2594
7346
1029
136
5130
4614
7188
1200
8246
4949
566
6292
3927
7493
5927
4251
4932
4898
6246
2330
3515
2187
195
4254
802
4782
8063
2068
4334
7055
644
8052
6347
120
2981
3074
7314
7948
2135
4651
134
8355
2559
62
7922
7106
2467
679
8244
741
3641
8295
6079
3258
1873
2596
1717
7550
2843
7644
6854
6086
489
493
690
3821
602
1911
6285
4625
6474
4323
3757
2366
5169
5263
1361
4487
1526
6989
5466
1551
8399
1337
3901
3010
7159
2250
2346
7904
2784
5014
150
2804
4398
2086
3751
2259
4017
5956
4879
8486
6006
3856
859
5685
6656
5483
6730
7870
6399
1779
4395
4763
1818
5838
2704
175
2093
6627
3491
7297
82
816
5504
5081
283
7155
5597
7338
2915
1813
1271
4441
8314
6790
5505
2642
4914
2305
6951
4195
4168
3849
8541
6447
5900
2414
3554
2195
2600
6393
4314
3366
6917
5356
2633
6121
2434
6247
5074
4963
3545
4474
7131
517
7070
5155
1415
7269
127
3474
5960
4310
2438
3765
4373
4664
8471
1473
8671
3560
3951
49
6793
887
2616
516
3168
2949
1424
139
1924
2378
3197
112
3250
5544
5815
5119
3277
7766
6999
4620
7739
5527
3222
6152
451
3731
7358
7130
2763
658
5749
999
389
3407
1476
2240
8179
7594
3922
2972
3386
1293
8030
2873
4173
2535
7649
1907
6549
368
1151
6725
6357
7835
5823
5630
4160
4287
5820
5044
174
1903
1099
6061
3408
1538
2292
7927
1363
5239
5118
5482
680
5728
3664
1661
508
166
6286
1006
8556
6161
3494
6277
8454
2536
1104
3875
5628
1752
5231
2916
7484
152
3907
7655
2552
2773
5381
3551
3722
4984
6703
6005
6832
1822
4086
4618
7031
7198
7232
309
6375
7401
3599
3622
6814
3450
205
1135
2749
3613
305
1849
8616
1988
3240
2798
6013
3109
4059
1987
6142
383
4307
3388
7307
2727
4762
4716
8441
5522
3832
6978
4276
253
8309
5461
278
3252
2480
289
4567
3075
6053
7736
8236
5457
8425
6448
4597
6770
270
5888
5983
6572
8335
4207
3218
1391
3975
4316
7282
5500
5571
83
873
8323
5719
4500
7650
8405
5186
2450
3954
2329
7636
7662
8038
6987
4982
4779
6134
1216
6963
5156
1064
3786
4410
5076
7167
7369
3008
1105
4996
7706
5621
4951
4369
2765
3929
5349
7024
5633
7074
7096
2451
4686
4937
3824
7399
2652
7611
3743
2176
7875
3318
4771
2787
4105
6587
1676
3947
6720
6666
5001
5814
8557
2503
6590
2369
2217
2218
3326
5509
3583
7142
6127
5770
4830
7231
85
2801
3671
3667
8493
4590
2019
5863
2525
6395
4678
7045
6728
5991
2895
7034
7788
3425
5204
5048
8219
4638
6065
2001
6813
869
356
6119
6261
1275
1890
4929
7741
3563
6194
2380
7896
7783
6445
3306
7058
3499
5015
1116
8558
7087
5037
6176
5958
3645
2500
6275
8086
3809
5748
6876
5849
1696
5379
2052
1776
4921
3313
6559
5091
1592
1723
7129
4756
6218
490
7653
3483
3431
4871
7544
25
8104
2409
3270
1552
7774
6824
3871
3402
4529
979
2655
1847
5957
6200
5359
6781
7756
1102
3276
5531
6774
6808
3996
194
643
3285
3116
3575
7466
4320
8667
2207
4552
8419
3718
972
6821
719
8146
3896
2803
2566
4025
32
7291
4063
7349
1697
2792
2222
3764
3866
6901
7619
6209
5313
3758
6633
3227
5840
6409
3904
2277
5114
1401
739
4266
8552
5586
3851
6846
6137
4877
7217
674
5318
7671
3841
1815
6350
8534
7780
4653
5478
2100
7666
2101
4213
5225
1548
4812
3323
5438
355
1461
8069
3220
6518
5899
1751
8000
5689
1772
1196
1878
2668
3171
2016
2005
3893
3237
4424
4744
2078
396
2788
6706
4072
6973
6994
1519
6124
1378
1023
2587
6919
2857
6215
5366
1629
4526
3523
5825
3607
8126
234
5807
3796
4118
3800
5647
6715
1948
8090
5652
3492
2671
7580
2224
1106
7506
818
4523
7095
7021
5322
8080
888
2437
817
3414
2341
7477
3167
6740
6972
1264
4449
4045
6584
6425
1228
7276
52
5487
6441
159
5649
1587
1589
8060
4950
8480
3858
8058
2828
436
6100
3878
1588
2780
7406
6726
7676
4727
973
1238
2951
2342
5476
7771
1497
4545
4257
2422
8083
5990
7836
2092
2015
7532
6649
187
6869
3655
3426
7078
1381
7866
413
3336
3606
3175
6699
8418
5836
256
6075
200
2235
4743
1767
4236
6526
1572
24
7199
1088
4674
2694
5678
3398
3559
7884
2841
2311
6346
3234
4152
1309
695
5008
3752
1227
1999
276
7371
5310
8583
8094
6182
4778
8409
4117
8602
1137
2767
6125
5769
942
7341
4935
3935
2384
115
6378
8653
3119
4258
5035
7468
2819
3822
7581
7865
7299
3802
3536
3825
6870
8242
4810
1946
5873
5351
3488
1610
7431
4677
4959
7075
4761
2194
5982
557
7547
1207
5279
7237
1510
3829
3732
5952
3211
3630
6234
7888
266
1140
3162
6488
3730
1909
5473
7759
656
7645
5862
998
8537
2834
7732
1237
7584
5925
6965
2186
1134
5004
1303
1627
7340
1522
8506
358
138
299
1556
382
6314
5216
4857
7246
6625
8109
7366
8443
5308
7815
2721
1932
7699
8181
3140
4163
8622
3807
7773
5241
4154
4172
796
2416
785
3158
123
2172
6591
6537
7920
4340
910
2309
8370
3634
1257
4458
1178
4652
3650
442
6993
1399
1457
5629
1054
5226
3275
6995
3699
3759
929
6463
1829
7711
5209
4221
3546
7331
6069
2011
6918
6211
3219
2606
3264
4928
6899
6753
6
2980
3361
4774
1943
5573
1635
7693
7931
8521
2070
3134
7827
2242
1474
6772
1889
3435
5687
3705
2021
4020
7165
7460
7018
2658
1130
5507
1819
8421
4318
8665
4144
4669
1236
8532
8175
2282
7902
7962
4093
5300
7737
386
1628
3585
5547
2714
5375
6500
7965
3189
8646
4305
909
6894
1866
1842
2497
7452
8548
5785
5054
4006
2702
7485
331
5353
5866
2459
1774
5688
5970
2686
7800
7395
6364
6705
7020
6968
6511
8611
173
6216
4615
3321
5606
3372
3311
5464
5680
7138
6372
4679
3403
18
3691
6888
4096
3628
8603
2174
1356
5002
5533
8232
3112
182
7113
7201
1812
5894
6510
4912
1800
2429
8566
7275
7852
6355
6080
5641
4987
8459
4650
1159
1213
6660
1325
5620
5676
4796
1455
6800
4962
6975
1644
2140
4536
4457
7355
4378
729
4357
8374
1936
3793
3736
7843
6512
1110
7398
2998
2394
1185
2007
193
7273
578
771
2395
1478
1846
7612
4274
3740
4600
8637
6068
4915
2073
4754
1896
6712
3659
2379
1447
342
8078
8028
2527
727
4577
976
6433
3516
5963
8487
3940
1299
1348
660
1492
6147
6349
6672
5154
2315
8330
8297
1085
2524
6582
3198
6180
6195
67
7236
2269
6440
5498
7174
7586
3447
2367
5419
6501
2512
2723
7745
8264
1143
8440
7700
6272
7802
4728
5659
3789
2220
5075
2331
5566
7458
7991
4088
1967
7417
7123
8305
4365
423
7879
1904
595
3917
3618
839
4596
5609
141
7516
1377
3674
7081
8582
4741
3808
1138
2257
5890
1787
3938
5912
4646
459
8266
948
3700
1336
4628
7248
1602
2238
639
8516
3830
8084
5969
6307
8138
1070
155
2295
5821
4578
1089
2940
7690
4384
930
2909
5875
895
3247
2326
6773
6685
5038
8066
7853
1715
1698
8402
8649
6173
3831
3348
8247
985
1821
8500
587
8460
5077
5826
6818
8251
8645
5799
7224
3557
1395
264
3547
8046
3069
5025
6442
3864
7556
2400
6594
3711
246
1594
1529
8182
923
5650
4364
669
3604
5108
1910
6361
5248
3958
2696
2591
1781
3013
2307
5452
3690
687
612
6473
3200
2267
8482
6930
1898
5780
258
2924
4943
2822
3339
3525
4563
5329
5223
2285
7685
7279
484
2211
5416
5660
2555
7
3657
7709
4874
4402
7890
2426
1814
8340
2274
1011
6181
1067
1991
3970
7557
8134
7929
7978
3867
8122
3048
781
2675
1749
2791
4979
1091
7356
7688
7743
7389
5055
2608
7463
2290
1727
610
4666
6410
343
6380
7172
3750
6532
7942
3215
97
5741
5176
1537
3588
5551
3648
7327
8105
1517
5061
8012
4624
4272
3669
2090
572
8282
6909
7558
3062
5790
6603
5931
5911
6112
4479
8022
370
1938
6454
7850
3670
3652
5201
2361
4260
5432
4991
5692
8195
3737
6751
6408
6334
1171
5942
1422
8165
8013
7986
7705
874
2297
2643
7880
5347
840
581
204
1641
2014
3253
8599
905
631
6476
5857
1974
162
4998
7353
8174
5812
4713
875
1431
4643
5080
7660
5705
5809
8159
2856
1861
2659
3384
8286
8477
6043
6363
4733
3331
7444
6859
6362
2096
2003
7949
6206
5017
546
1449
6328
2610
1900
7173
2757
1885
8519
8573
2097
7912
8362
5624
836
3471
4697
7242
2171
7818
7742
398
2010
5166
8491
1283
6432
6816
4256
1836
7549
1019
8393
1326
5661
475
2810
6848
1651
8327
7772
2528
1206
8652
5469
8065
7010
5763
867
2974
8124
5093
5433
541
5195
1132
8533
7179
3390
6561
2962
4155
3259
5924
8619
2583
2813
7065
7881
5174
6284
3586
7813
5972
7738
2630
7287
5822
5036
1080
4283
2085
2452
4966
2023
6032
7414
7001
226
1013
1929
6437
5251
1404
2179
697
1124
3895
6160
5110
1778
5829
2634
3489
1037
2256
6115
2613
313
2649
2281
6779
2547
8188
5132
2159
3137
7566
3967
1428
6479
2520
8429
8334
6744
7295
5602
448
5766
1284
3727
361
5230
7335
7255
5149
2460
22
2066
1653
702
6602
2743
1376
7402
2468
3754
2325
460
5163
4183
7475
4082
1486
3678
282
4558
4308
4865
3537
6415
2581
1368
8202
6130
597
4351
7397
4758
646
8408
5950
3468
5837
2990
8101
4875
2544
6778
5341
6680
4066
3988
2160
685
5929
3243
7049
4083
2837
3697
4941
7977
5784
4040
2230
6657
2320
4878
521
522
5345
7108
7616
7322
6935
780
7121
6187
5607
651
6802
2196
369
7598
4214
377
6416
2216
7622
1613
8166
3632
962
8187
8384
7833
6188
359
3839
6111
1246
6365
5087
3694
7859
6686
2567
3423
2037
772
5380
8288
3562
562
2546
5510
5330
6046
4531
1674
365
5995
5906
4327
147
8001
3088
7181
407
8303
3456
4182
3576
3271
4940
1031
5976
8507
855
3926
78
2247
6756
8631
8291
7047
6279
788
2279
4095
3897
5945
7562
3631
6829
424
392
7249
16
4200
2672
2444
6171
3493
1459
8525
6650
6167
6058
3835
7952
5683
7050
5827
8452
4724
7362
5887
2355
4798
2442
7767
4592
7277
464
163
7873
8150
8478
241
2009
3084
900
5542
8496
4837
2293
5965
4481
5302
4605
3716
8626
1764
1549
3029
7187
2044
767
5693
1508
3302
4517
4219
7565
5973
3292
819
1403
1382
2148
5671
1638
5891
608
399
882
3565
8133
1179
5448
4244
5218
7786
2130
5078
456
6931
7841
1950
5372
689
7194
8517
1953
5636
2710
6734
6771
4349
7897
1884
6866
8047
2494
6507
3036
5777
3603
845
542
3724
4187
3679
8201
6174
7445
6268
2964
2529
8191
1048
1960
2530
6713
237
4917
1133
5901
7530
4259
7177
6742
6853
5656
8045
5907
2978
8376
7861
7006
6163
8333
3919
3138
8123
5789
4073
7817
3229
1826
5548
593
2725
4137
560
7132
6424
243
5435
4437
6330
405
1442
261
7170
8261
1689
1725
7426
4930
5962
2496
6138
340
8289
1601
5782
4576
3725
2556
2785
1523
6797
8085
1012
6428
7360
1766
4551
4037
6242
7195
7383
8364
363
5367
8627
6462
8183
4725
4443
7256
8304
2562
6383
8320
5519
8329
3083
2959
2102
632
2493
2665
7117
4406
6701
6482
2334
6990
3619
5561
3883
6199
4211
8235
1494
2401
3874
1232
2661
2817
6567
2774
8511
7227
4153
6798
3061
7775
8628
1735
2823
6953
6264
2475
2564
8659
7661
7046
707
3046
7760
5189
7005
5472
72
6018
4448
5860
4839
4131
5101
1190
2601
1125
1241
6214
8580
7510
6844
3351
5094
4008
1577
3906
3729
4358
5922
1343
8663
6936
440
1100
2637
8613
649
1546
8016
6959
2852
3503
6577
630
4768
1249
6249
482
1584
4676
1462
3040
5010
7013
3273
3683
4145
8442
6438
4954
3225
1072
4815
2631
1660
5752
2425
5079
7669
5902
6932
3097
3976
8147
1300
6495
5481
7214
5495
5291
1408
1845
1798
3957
1475
6610
35
6940
444
2359
3654
7154
3179
1286
7573
4445
3416
2137
2636
4016
4097
1681
8455
6638
5767
5275
1692
8592
7251
3635
372
8325
6012
5453
5921
4882
4565
140
4884
4419
8348
7482
714
5923
5243
3188
8042
4431
6397
406
20
1004
4986
2411
2545
6839
2390
7313
42
2830
5859
3371
3022
3364
4399
5252
11
4760
1177
1947
2501
7956
2863
3865
6228
1026
3848
2989
961
2889
3015
3338
6105
6245
6718
6453
735
4400
1440
8451
2875
3986
916
7595
7105
4089
8306
8089
2772
1624
7216
821
1367
3712
8545
8176
850
1000
6785
4114
1637
1667
4589
3173
7601
1347
7111
3230
6481
7007
4783
7116
3232
5704
7447
703
5105
7257
3291
3673
2408
8300
1327
8346
5773
6095
5406
7464
6083
4909
4440
7605
986
7229
3952
7825
7538
4049
6257
3485
6089
2474
5238
3873
1198
4181
1518
7816
5477
1799
1014
128
1364
7015
4470
891
2793
7642
5455
4403
5757
6294
3923
5413
8383
3249
7761
1208
3868
8169
4065
7784
7476
1239
2289
2740
275
4585
1035
1229
1008
7422
5178
3828
2532
4293
1058
6262
6775
281
1043
1316
968
2381
7263
1939
6837
1274
619
6629
1742
1390
7415
5943
1579
1655
3568
2352
2212
6116
8648
6052
3178
3192
1307
6099
575
2360
5802
7923
8621
1280
8036
4957
7533
5897
5724
1993
2639
269
629
6764
3081
3466
6430
7950
4396
4023
8638
5543
5568
2046
4356
7495
2113
27
2040
3928
2938
3216
4933
3814
129
6768
6104
2278
4599
13
7807
4476
7623
1525
2365
4648
3052
4005
2340
374
6653
6477
7821
939
3369
5718
4573
2147
3591
7197
8237
7652
6164
3623
529
3714
7115
4732
1269
4281
1394
4850
4009
4390
1797
2979
1441
6828
2625
3811
5631
1273
4703
1712
8458
955
6762
7272
8054
8287
403
2071
8444
1977
158
5844
3888
5451
902
352
5326
6078
6236
4540
4130
754
5833
2971
1082
2920
311
4644
661
1989
3665
306
2335
4790
2356
3702
3804
1927
7983
3427
749
3638
6641
1266
6868
6929
8051
3595
2134
5066
4109
4969
4904
514
8140
409
6811
8655
3461
7883
207
7410
458
2054
2430
250
7769
5437
1107
8290
5979
1713
3911
8204
715
552
1439
2270
3144
2056
1925
634
6082
316
7887
8390
5424
427
8540
105
3041
4238
2169
1709
89
2241
3174
8119
6259
1949
4044
8539
2848
6368
1
6139
4337
6047
935
7791
2720
8634
5205
6984
591
8508
6850
2936
2448
1576
7328
7600
213
778
7701
3496
7146
2043
8234
5420
6154
1567
165
4702
3566
8197
8446
5439
2013
273
3860
4167
7264
3788
5183
394
583
8597
8661
116
6644
8071
8615
7367
520
1763
1875
5355
3965
3344
6598
2253
3224
526
2946
4473
3899
5655
692
6059
959
4444
8136
6342
6131
3633
5805
1050
590
519
3380
3676
5776
7503
6573
5179
1607
3610
8461
6635
8672
1809
791
792
7755
1855
1980
3233
3598
933
3963
8564
5626
5506
6072
1682
4179
4026
8067
6446
4116
988
7030
3453
2896
3778
5658
7638
3093
3155
5069
5806
3201
7351
1098
7564
2844
886
3342
7066
6540
6096
515
3356
4833
1453
3553
3609
7375
4665
2506
2994
3999
6222
8584
906
28
7809
2507
2428
5043
5346
762
3747
4811
284
686
4799
2353
6353
7325
7820
21
2752
885
7953
917
7144
1040
6335
7223
1265
4579
7877
8341
277
5084
2084
1245
2382
571
1435
3902
5089
1247
6847
4681
3526
6557
2514
5445
1007
4770
6508
4543
6875
7882
2064
5352
7997
1690
7854
8238
5343
1985
294
1547
2012
588
3329
2403
2129
3998
7971
3741
3508
7804
2719
4521
6678
5150
2808
8260
556
6276
7382
4795
2469
3738
4286
7496
5289
1716
2604
8350
1704
6714
6496
2139
3239
2383
4311
1285
7746
7219
8135
3930
6183
5985
6907
1591
8391
8072
2162
2396
317
6367
8168
3111
5233
8674
5068
4036
795
3020
1711
3387
36
4549
913
5721
5295
3972
5370
6471
4133
974
983
7434
1418
1560
4135
5582
7259
4265
1355
7937
5016
8436
987
2682
5047
1640
1290
3681
1380
1933
4675
7656
3160
2030
892
4876
4069
4255
2
7542
2109
849
2737
2466
1914
1596
5872
1913
5139
8406
5640
2736
726
53
1796
3845
6007
7674
2553
2800
936
7507
824
4321
3401
1389
3564
884
5429
5703
5690
4867
6707
6369
1868
5181
10
3415
5421
1463
806
7425
8464
4068
2108
8417
2041
2234
963
7139
4494
2632
6094
704
431
4388
6077
145
6467
2033
7639
1165
3500
2050
3760
2624
4484
4435
7254
7061
4361
2424
1262
1771
3511
271
4792
4843
244
8535
4572
2032
5053
7481
813
6010
3810
5727
8639
7396
1804
7729
4346
2461
545
3241
738
310
3521
7037
1131
5545
492
4111
2769
920
7628
3587
6640
3959
38
4459
4278
2983
5290
6948
130
5217
8605
2667
3223
1182
5392
614
8589
1466
4497
3042
934
2419
5085
3294
6737
7384
4822
826
1521
6831
2930
4232
628
4430
3853
390
4345
8549
5913
3990
400
4806
5135
7359
3359
46
5657
488
3993
3642
3726
8275
5208
6609
5319
709
7119
2421
5604
1750
8629
7457
4062
8426
338
215
3663
1341
8268
5616
3894
3640
329
7162
3004
6960
4090
3115
8520
2322
6667
7009
4197
3549
1458
171
4203
8366
3569
4226
5158
7537
6185
7501
938
60
1240
5760
5136
7606
6856
2120
1524
153
6344
481
6122
4460
7101
3920
1762
750
1785
7868
6212
4501
4853
2711
6766
7361
4193
1333
8107
6887
2854
186
1136
8075
2058
7633
7627
148
4124
4889
7376
3363
4788
2866
3776
1386
5941
3067
7531
5695
3629
8185
4797
3028
2969
7910
1708
2953
454
6964
6136
7610
6411
609
4263
4826
7713
2074
4052
7405
1622
4683
5497
7141
5796
7184
7975
7077
40
5475
2089
3924
2175
8209
74
7283
3798
2657
3180
2076
441
7814
2051
2541
1301
5877
3430
1304
236
7588
2599
4616
2573
3280
3186
3953
2768
4831
4223
2106
2679
2761
4688
5399
1387
2901
3577
7320
7829
7083
8510
5000
5853
1279
8125
804
6404
1555
8217
3190
4566
4802
8381
7166
4841
3594
6035
6852
6958
1920
513
4177
6843
1308
5667
914
3452
3695
4242
3156
2198
774
4425
6150
6097
943
822
6878
5005
6612
4277
164
5619
4547
3983
2538
6957
3191
1311
7988
5207
8243
5383
7590
3675
7218
6722
3300
3310
6904
7221
327
5886
2490
8400
6103
5954
8373
4408
832
3079
3462
5297
7976
54
6230
4064
3451
6305
1901
1481
4873
4895
4150
7068
3335
6016
4926
946
5797
3293
2161
8527
5083
8062
7704
3057
7342
5490
6733
768
2065
8230
3495
7311
285
1500
4524
8100
2332
2717
2079
3389
722
951
7930
2262
989
3212
1759
7474
4422
6704
5479
1724
5182
8143
341
3701
4243
688
3432
5203
4944
966
3120
8215
2203
2713
4757
5098
8020
8269
8024
5280
5975
3572
4805
5299
1990
4120
4759
7697
5298
7955
4971
954
5034
6783
3600
6490
8263
474
7504
385
7943
1625
536
6387
8354
5032
4212
6456
3507
201
7304
1332
7112
3502
2708
6030
5031
6514
4662
4021
1854
8137
2872
3030
1205
6563
1645
3417
3476
7657
2861
1792
5526
6922
3797
3368
3367
3533
7196
7984
5109
6024
3449
603
3056
7918
126
5959
3876
2935
7300
5443
7151
4451
7147
3531
2730
827
1639
7136
984
3281
8647
2188
2265
2443
362
2349
345
814
6166
4807
3205
7563
2919
5961
3325
4106
8144
2116
7450
1834
793
7459
1955
6898
2674
94
4225
3756
2891
2371
7845
7539
7428
8073
3228
6158
7091
6359
5996
7770
8116
7326
6028
2853
8315
2912
1865
5754
4612
1857
2645
2243
5373
2336
950
8420
3068
1120
2597
2204
419
922
1254
477
2035
5408
5788
5742
7182
5567
6697
1202
6534
2626
5765
8497
1970
3110
4018
2151
3687
4916
1997
4033
4598
3054
1248
2192
2712
992
2190
4670
5142
5984
6565
3762
6943
3597
4711
1318
1863
2343
2449
2136
1065
5868
600
4227
2621
7577
77
7546
2898
6148
7332
4820
1314
7933
5947
6413
7947
872
3850
5468
5951
3643
2965
3391
5415
2560
1570
2635
5256
3530
375
1908
4429
7872
7959
4027
6461
1604
1118
3677
3490
2038
6039
2958
1994
2824
7908
2376
8276
1342
320
1619
3713
5287
2060
8635
2219
1673
6038
260
8039
2039
4785
901
3744
6402
2026
6988
4234
1917
1828
1573
4415
4749
6233
7985
4654
6283
4208
4627
224
723
8162
6979
1141
5529
6469
5764
7467
8118
5554
7193
5511
2762
846
4289
5560
6717
5042
6117
2551
5725
2928
117
645
5966
3
4170
5851
467
7489
5
5342
919
2595
4324
1063
2590
242
7042
7919
1160
2870
3735
8267
2397
3517
6986
3421
2563
6767
5622
1605
1733
2324
2709
7998
1312
3448
3812
6085
8339
2362
1975
3514
1761
7487
5401
2739
5637
2660
2472
8567
6738
6891
7536
4007
4718
6177
1493
4206
6371
2158
1169
8210
232
66
7561
1603
6168
3283
3596
6288
4632
6955
125
7641
6229
5350
1296
1976
8211
8156
2075
4580
5750
8660
3086
7894
6882
7936
7673
3345
8307
5870
6506
2797
918
1646
5122
5126
4978
5431
6842
4621
6809
364
7553
3287
2125
4123
4569
525
4821
55
638
302
2766
5811
1276
8371
4720
2055
5376
6947
5145
4432
3644
4143
2878
4202
6493
5175
2286
2261
5240
8102
2296
6937
7240
5932
1753
5197
1968
7903
3117
2393
523
6376
6788
7680
6981
5524
6677
3900
8349
4699
5585
8033
7570
3122
6777
4156
1969
671
4188
666
7878
1887
3266
280
1719
2947
4455
899
7687
6031
3445
6090
7973
6991
7350
7830
760
6254
1906
4042
3823
4138
3818
6269
4300
5569
6196
2593
4164
3031
5971
3579
2832
5449
3472
6327
137
7043
4892
2180
2128
7730
3177
4854
4637
5115
7932
7127
7648
4261
4344
1331
2017
4542
2482
7002
1358
6941
6241
1329
8662
6881
8606
7871
7589
2150
4530
2122
4673
3981
6996
1252
3278
7062
3374
2814
4719
6544
1848
4858
7901
3037
388
235
1077
1984
4363
7473
3962
770
2165
4533
673
249
6297
1574
7239
6238
3419
2081
1823
4583
4976
4544
5565
7939
716
8474
8356
2048
5997
6600
7245
7252
5264
4178
7625
4809
2724
8213
7140
7190
1460
6914
5989
1668
2756
2000
4571
4613
8336
404
384
8171
8218
2152
1633
8279
5580
4784
8186
6970
3925
5336
4158
7449
4948
5898
6320
5358
223
2193
3136
4469
1824
1015
7286
5124
4972
7418
7409
797
2871
9
6593
1944
1838
4804
255
7026
5713
4485
3324
7714
1581
2956
924
6895
8068
2508
7891
6132
5024
5320
7312
7102
6645
6042
3775
4835
4136
4964
2779
539
7345
7483
2745
8178
4185
6819
5467
1145
5127
4468
667
7575
3019
357
5063
2831
2783
1353
5131
7114
470
2703
3330
8053
3637
1396
3584
8163
5262
5645
3376
1256
6190
7569
3512
5651
5778
1250
5795
5348
8490
4298
3284
2933
4175
5268
4910
1852
6316
6815
8365
8546
2105
133
5236
5029
928
823
7576
8240
1531
1214
504
4285
6491
1996
6530
3072
1958
1384
894
4924
455
6619
5779
8318
3709
1243
4849
4748
4268
3522
7293
4134
3602
8568
713
4186
2214
5301
2923
6588
1810
3486
7419
3141
1827
1155
1324
4312
7494
510
1680
499
8233
1856
1388
5615
3719
2386
5541
3236
6172
1540
1217
2681
8572
2993
5512
6313
1191
5772
5293
1542
7056
2539
953
7241
6731
4846
6801
8010
4330
5334
7330
4729
6541
5305
5161
7860
2156
1062
1167
3636
7651
5588
7192
4491
7266
4980
8633
4946
2782
717
2502
4360
4171
8082
8463
395
7186
8518
4492
1365
8254
5917
4968
2914
5644
3766
3440
7357
6806
2143
5104
5073
1571
4079
1122
2786
2967
2504
5988
7164
728
7587
7543
412
5745
7668
825
3267
3974
417
6748
2082
3373
5726
4107
4380
7723
1066
3913
5536
8002
5387
5732
2738
5052
4000
2427
6833
1687
851
6303
5878
2839
4611
2489
6905
7390
2849
6665
5881
4452
7421
6484
2479
6617
2141
5188
2744
7253
3506
1679
4249
3147
8130
7004
580
4070
3343
7404
3672
559
5237
7805
512
1081
1664
1931
8378
1150
2838
5949
8308
5177
830
8311
4752
8428
635
4465
6799
7987
7079
6966
4142
7027
876
4869
5315
5222
4
3051
5691
3124
2491
3854
4777
7509
6457
6293
1148
574
3769
4146
853
5919
6614
6002
4495
8173
6655
2368
4780
7992
2950
5625
6971
1841
5986
537
2806
5801
5596
7206
7343
7560
8096
784
1409
154
7806
3009
1686
4014
7455
3863
2733
1895
5442
569
6709
5854
1816
8319
3394
3327
8657
6102
2975
980
190
5088
699
8462
606
301
3420
8501
1060
3444
1069
2205
7339
8208
7679
4642
7683
7996
5600
7022
4893
225
3354
5895
3436
1693
6893
1045
3446
8050
8656
4735
4496
1218
6015
3987
4911
4493
6944
5699
8352
956
2869
4433
4973
2961
2200
98
8543
2557
8445
4199
5539
1648
6197
6295
4499
1154
2255
3170
7400
7158
3108
4548
5423
2049
8494
262
4061
5534
6616
8120
8155
1802
4736
2385
6694
5759
1959
2976
1843
1734
2911
8338
1986
6546
7098
2811
659
2511
4282
6287
1930
7125
197
7777
2931
8004
2327
4389
4218
202
3510
4931
5535
5791
1707
5172
5249
6528
8542
5855
8164
854
4737
698
3696
1636
7280
7554
3581
1291
6585
1853
5232
3763
3304
1495
7994
1998
663
3748
4413
5530
5575
7526
5864
6776
1306
7392
5592
1663
5450
3627
2693
5915
3157
6668
1059
4636
3242
1678
6892
6374
7574
1757
6019
5116
7408
2790
863
7858
1484
7035
7721
5977
5134
206
4488
6938
6910
502
7385
1028
3840
8110
5056
8154
2731
2454
7215
3104
8392
6278
3099
6184
3561
5892
391
6736
5618
5258
2695
2027
5463
2568
8006
64
2062
5276
7208
8571
6331
4859
4887
878
8529
7916
6863
7892
6439
7869
1016
7629
995
4297
161
5675
6873
7989
3843
1021
3073
7555
3943
1585
3152
8226
775
7099
5486
6235
7041
2612
7513
8433
5393
3890
3556
1528
1267
7734
1899
4658
3005
2734
189
2747
2047
7849
2558
6396
3385
4555
1184
6420
5051
5311
2433
6949
769
1685
8322
5578
4426
466
6265
5734
5191
5390
860
7270
